Sequence*Events
1*[11225, 16887]
2*[2166, 5308, 6032, 16168]
3*[2166, 5308, 6032, 16861]
4*[]
5*[2166, 5308, 6032]
6*[]
7*[]
8*[2166, 6409, 1265, 7853, 8051, 8875, 5308, 6032, 10805, 11064, 13162, 7955, 8014, 9218, 9809, 14792]
9*[2166, 5308, 6032]
10*[]
11*[9698, 16773]
12*[2166, 5308, 6032, 16628]
13*[]
14*[11225]
15*[]
16*[]
17*[2166, 6409, 1265, 7853, 8051, 8875, 5308, 6032, 10805, 11064]
18*[2166, 5308, 6032, 16168, 11225, 16907]
19*[]
20*[11225]
21*[2166, 5308, 6032, 16628]
22*[2166, 5308, 6032, 9698, 16491]
23*[]
24*[]
25*[]
26*[2166, 5308, 6032]
27*[2166, 5308, 6032, 9698, 16491]
28*[]
29*[]
30*[]
31*[2166, 5308, 6032]
32*[2166, 5308, 6032]
33*[2166, 6409, 1265, 7853, 8051, 8875, 5308, 6032, 10805, 11064, 13162]
34*[]
35*[2166, 5308, 6032]
36*[2166, 5308, 6032, 16898]
37*[]
38*[9698, 16773]
39*[2166, 5308, 6032, 16861]
40*[2166, 6409, 1265, 7853, 8051, 8875, 5308, 6032, 10805, 11064]
41*[2166, 5308, 6032, 16168]
42*[9698]
43*[11225, 16887]
44*[9698]
45*[2166, 5308, 6032, 16168]
46*[2166, 5308, 6032, 16168]
47*[11225]
48*[2166, 5308, 6032]
49*[2166, 5308, 6032, 9698, 16491]
50*[11225, 16887]
51*[2166, 5308, 6032]
52*[2166, 5308, 6032]
53*[9698]
54*[]
55*[9698, 17016]
56*[2166, 6409, 1265, 7853, 8051, 8875, 5308, 6032, 10805, 11064, 13162]
57*[]
58*[]
59*[2166, 5308, 6032, 16898]
60*[11225]
61*[2166, 5308, 6032]
62*[2166, 5308, 6032]
63*[16925]
64*[2166, 5308, 6032]
65*[2166, 6409, 1265, 7853, 8051, 8875, 5308, 6032, 10805, 11064]
66*[11225, 16959]
67*[2166, 5308, 6032]
68*[2166, 6409, 1265, 7853, 8051, 8875, 5308, 6032, 10805, 11064, 13162, 7955, 8014, 9218, 9809, 14792]
69*[]
70*[2166, 5308, 6032]
71*[2166, 5308, 6032, 16168]
72*[2166, 5308, 6032]
73*[]
74*[2166, 5308, 6032]
75*[2166, 5308, 6032]
76*[2166, 5308, 6032, 16168]
77*[2166, 6409, 1265, 7853, 8051, 8875, 5308, 6032, 10805, 11064, 13162]
78*[2166, 5308, 6032]
79*[]
80*[11225]
81*[2166, 5308, 6032]
82*[11225]
83*[11225]
84*[9698, 16773]
85*[11225]
86*[2166, 6409, 1265, 7853, 8051, 8875, 5308, 6032, 10805, 11064, 14824]
87*[2166, 5308, 6032]
88*[]
89*[2166, 5308, 6032, 9698, 16491]
90*[]
91*[]
92*[9698]
93*[2166, 5308, 6032]
94*[1265, 2166, 5308, 6032, 7955, 8014, 6409, 7853, 8051, 10690, 14140, 14150]
95*[2166, 5308, 6032]
96*[2166, 5308, 6032]
97*[2166, 5308, 6032, 16168]
98*[2166, 5308, 6032]
99*[16925]
100*[2166, 5308, 6032]
101*[2166, 5308, 6032, 16861]
102*[2166, 5308, 6032, 9698, 16491]
103*[2166, 5308, 6032, 16168]
104*[2166, 6409, 1265, 7853, 8051, 8875, 5308, 6032, 10805, 11064, 13162, 7955, 8014, 11225, 16304, 16708]
105*[]
106*[]
107*[2166, 5308, 6032]
108*[]
109*[2166, 5308, 6032]
110*[]
111*[2166, 6409, 1265, 7853, 8051, 8875, 5308, 6032, 10805, 11064, 13162]
112*[]
113*[2166, 6409, 1265, 7853, 8051, 8875, 5308, 6032, 10805, 11064]
114*[]
115*[]
116*[]
117*[2166, 5308, 6032, 16168]
118*[2166, 5308, 6032]
119*[11225]
120*[]
121*[]
122*[2166, 6409, 1265, 7853, 8051, 8875, 5308, 6032, 10805, 11064]
123*[9698, 17016]
124*[]
125*[]
126*[9698]
127*[]
128*[2166, 5308, 6032, 16628]
129*[9698, 17016]
130*[2166, 5308, 6032]
131*[2166, 5308, 6032]
132*[2166, 5308, 6032]
133*[]
134*[1265, 2166, 5308, 6032, 7955, 8014, 6409, 7853, 8051, 10690, 14140, 14150]
135*[]
136*[]
137*[2166, 5308, 6032]
138*[2166, 5308, 6032, 16168]
139*[2166, 6409, 1265, 7853, 8051, 8875, 5308, 6032, 10805, 11064]
140*[2166, 5308, 6032]
141*[2166, 5308, 6032]
142*[11225]
143*[]
144*[1265, 2166, 5308, 6032, 7955, 8014]
145*[]
146*[2166, 6409, 1265, 7853, 8051, 8875, 5308, 6032, 10805, 11064]
147*[]
148*[2166, 5308, 6032]
149*[2166, 6409, 1265, 7853, 8051, 8875, 5308, 6032, 10805, 11064]
150*[2166, 6409, 1265, 7853, 8051, 8875, 5308, 6032, 10805, 11064, 13162]
151*[11225]
152*[]
153*[2166, 5308, 6032]
154*[]
155*[]
156*[2166, 5308, 6032]
157*[2166, 5308, 6032]
158*[2166, 6409, 1265, 7853, 8051, 8875, 5308, 6032, 10805, 11064, 14824]
159*[2166, 5308, 6032, 16168]
160*[2166, 5308, 6032]
161*[2166, 5308, 6032]
162*[2166, 6409, 1265, 7853, 8051, 8875, 5308, 6032, 10805, 11064]
163*[11225, 16693]
164*[2166, 5308, 6032]
165*[2166, 6409, 1265, 7853, 8051, 8875, 5308, 6032, 10805, 11064, 13162, 7955, 8014, 9218, 9809, 14792, 16933]
166*[2166, 6409, 1265, 7853, 8051, 8875, 5308, 6032, 10805, 11064, 14824]
167*[11225]
168*[2166, 5308, 6032, 16628]
169*[2166, 5308, 6032]
170*[2166, 5308, 6032]
171*[]
172*[2166, 5308, 6032]
173*[2166, 5308, 6032, 1265, 7955, 8014, 16043]
174*[11225]
175*[]
176*[2166, 6409, 1265, 7853, 8051, 8875, 5308, 6032, 10805, 11064, 13162, 7955, 8014, 9218, 9809, 14792]
177*[]
178*[2166, 5308, 6032, 1265, 7955, 8014, 16043]
179*[2166, 5308, 6032, 16168]
180*[]
181*[2166, 5308, 6032]
182*[2166, 6409, 1265, 7853, 8051, 8875, 5308, 6032, 10805, 11064, 13162, 7955, 8014, 9218, 9809, 14792]
183*[]
184*[2166, 6409, 1265, 7853, 8051, 8875, 5308, 6032, 10805, 11064, 13162]
185*[2166, 6409, 1265, 7853, 8051, 8875, 5308, 6032, 10805, 11064, 13162, 7955, 8014, 11225, 16304, 16708]
186*[2166, 5308, 6032]
187*[2166, 5308, 6032, 16168]
188*[11225]
189*[2166, 6409, 1265, 7853, 8051, 8875, 5308, 6032, 10805, 11064, 13162]
190*[]
191*[1265, 2166, 5308, 6032, 7955, 8014, 6409, 7853, 8051, 10690, 14140, 14150]
192*[2166, 5308, 6032, 17207]
193*[2166, 6409, 1265, 7853, 8051, 8875, 5308, 6032, 10805, 11064, 13162, 7955, 8014, 9218, 9809, 14792]
194*[11225]
195*[2166, 5308, 6032, 16168]
196*[2166, 6409, 1265, 7853, 8051, 8875, 5308, 6032, 10805, 11064]
197*[2166, 5308, 6032, 16898]
198*[2166, 5308, 6032]
199*[2166, 5308, 6032]
200*[]
