Sequence*Events
1*[2115, 2546, 7808, 16007, 3006, 11240, 13312, 17024, 17297, 20397]
2*[3006, 11240, 2115, 2546, 7808, 13312, 17024]
3*[2115, 2546, 7808]
4*[14805]
5*[2115, 2546, 7808, 14805, 20126]
6*[2115, 2546, 7808, 3006, 11240, 13312, 7716, 15889, 17065, 19823, 5001, 13073, 19416, 20644]
7*[5001, 13073]
8*[5001, 13073, 14805, 16310]
9*[3006, 11240, 15824]
10*[2115, 2546, 7808]
11*[2115, 2546, 7808]
12*[2115, 2546, 7808, 3006, 11240, 13312, 7716, 15889, 17065, 19823]
13*[5001, 13073, 10273, 19057]
14*[3006, 11240, 2115, 2546, 7808, 13312, 17024, 17297]
15*[3006, 11240, 2115, 2546, 7808, 13312, 17024, 17297]
16*[]
17*[3006, 11240, 2115, 2546, 7808, 13312, 17024]
18*[3006, 11240, 2115, 2546, 7808, 13312, 17024, 17297]
19*[3006, 11240, 2115, 2546, 7808, 13312, 17024]
20*[3006, 11240, 2115, 2546, 7808, 13312, 17024]
21*[8014, 13661]
22*[3006, 11240, 2115, 2546, 7808, 13312, 17024]
23*[17082, 5001, 13073, 17792]
24*[3006, 11240, 2115, 2546, 7808, 13312, 17024, 17297]
25*[7716, 11499, 2663, 6575, 11564]
26*[3006, 11240, 2115, 2546, 7808, 13312, 17024]
27*[2115, 2546, 7808, 3006, 11240, 13312, 7716, 15889, 17065, 10273, 21035]
28*[7716, 11499, 2663, 6575, 11564, 14805, 20812]
29*[]
30*[]
31*[14805]
32*[17082]
33*[2115, 2546, 7808]
34*[]
35*[5001, 13073]
36*[5001, 13073]
37*[5001, 13073, 14805, 16310]
38*[2115, 2546, 7808, 16007]
39*[2115, 2546, 7808, 3006, 11240, 13312, 7716, 15889, 17065]
40*[]
41*[5001, 13073, 14805, 16310]
42*[5001, 13073]
43*[3006, 11240, 2115, 2546, 7808, 13312, 17024, 17297, 5001, 13073, 20527, 21280]
44*[2115, 2546, 7808]
45*[17082]
46*[2115, 2546, 7808, 14805, 20126]
47*[2115, 2546, 7808]
48*[7716, 11499, 2663, 6575, 11564]
49*[3006, 11240, 2115, 2546, 7808, 13312, 17024, 17297]
50*[10273]
51*[2115, 2546, 7808, 3006, 11240, 13312, 7716, 15889, 17065]
52*[2115, 2546, 7808]
53*[3006, 11240, 2115, 2546, 7808, 13312, 17024]
54*[8014, 13661]
55*[5001, 13073]
56*[2115, 2546, 7808]
57*[14805]
58*[10273]
59*[2115, 2546, 7808]
60*[3006, 11240, 2115, 2546, 7808, 13312, 17024, 17297, 5001, 13073, 20527]
61*[3006, 11240, 15824]
62*[3006, 11240, 2115, 2546, 7808, 13312, 17024]
63*[3006, 11240, 2115, 2546, 7808, 13312, 17024]
64*[17082]
65*[5001, 13073]
66*[2115, 2546, 7808, 3006, 11240, 13312, 7716, 15889, 17065]
67*[2115, 2546, 7808]
68*[17082]
69*[5001, 13073, 10273, 19057]
70*[5001, 13073, 14642, 17514]
71*[17082]
72*[2115, 2546, 7808]
73*[2115, 2546, 7808, 3006, 11240, 13312, 7716, 15889, 17065]
74*[14805]
75*[5001, 13073]
76*[7716, 11499, 2663, 6575, 11564]
77*[5001, 13073]
78*[2115, 2546, 7808, 3006, 11240, 13312, 7716, 15889, 17065]
79*[3006, 11240, 2115, 2546, 7808, 13312, 17024, 17297]
80*[14805, 3006, 8014, 13661, 15672, 19305]
81*[7716, 11499, 2663, 6575, 11564]
82*[7716, 11499, 2663, 6575, 11564, 14805, 20812]
83*[3006, 11240, 2115, 2546, 7808, 13312, 17024]
84*[2115, 2546, 7808, 3006, 11240, 13312, 7716, 15889, 17065]
85*[2115, 2546, 7808, 16007, 3006, 11240, 13312, 17024, 17297, 20397]
86*[3006, 11240, 15824]
87*[3006, 11240, 15824]
88*[17082]
89*[3006, 11240, 2115, 2546, 7808, 13312, 17024]
90*[2115, 2546, 7808, 16007, 3006, 11240, 13312, 17024, 17297, 20397]
91*[2115, 2546, 7808, 3006, 11240, 13312, 7716, 15889, 17065]
92*[14805]
93*[3006, 11240, 15824]
94*[2115, 2546, 7808]
95*[10273]
96*[2115, 2546, 7808, 3006, 11240, 13312, 7716, 15889, 17065]
97*[2115, 2546, 7808, 16007, 3006, 11240, 13312, 17024, 17297, 20397]
98*[14805]
99*[7716, 11499, 2663, 6575, 11564]
100*[2115, 2546, 7808, 3006, 11240, 13312, 7716, 15889, 17065]
