Sequence*Events
1*[11002, 2997, 4677, 6101, 17521, 24716, 25135, 25583, 24366, 28661, 29174]
2*[11002, 2997, 4677, 6101, 17521, 24716, 25135, 25583, 1474, 2676, 1847, 6069, 6517, 8829, 6068, 8639, 9752, 3007, 4643, 581, 3645, 7408, 4265, 5380, 9727, 11371, 14191, 651, 2099, 3070, 8176, 10400, 12078, 12872, 14411, 8086, 9248, 10846, 17830, 19154, 19186, 19275, 10406, 19659, 19807, 20496, 10774, 12420, 13410, 16414, 19894, 21760, 21859, 21899, 22226, 23585, 25726, 26710, 26969, 29542, 29623, 30461, 12969, 13041, 21198, 22961, 22515, 24144, 24904, 25785, 25796, 20319, 21144, 21008, 21786, 23066, 26618, 27802, 28842, 31149, 33027, 33429]
3*[11002, 2997, 4677, 6101, 17521, 24716, 25135, 25583, 24366, 28661, 29174]
4*[11002, 2997, 4677, 6101, 17521, 24716, 25135, 25583, 1474, 2676, 1847, 6069, 6517, 8829, 6068, 8639, 9752, 3007, 4643, 581, 3645, 7408, 4265, 5380, 9727, 11371, 14191, 651, 2099, 3070, 8176, 10400, 12078, 12872, 14411, 8086, 9248, 10846, 17830, 19154, 19186, 19275, 10406, 19659, 19807, 20496, 10774, 12420, 13410, 16414, 19894, 21760, 21859, 21899, 22226, 23585, 25726, 26710, 26969, 29542, 34148]
5*[11002, 2997, 4677, 6101, 17521, 24716, 25135, 25583, 1474, 2676, 1847, 6069, 6517, 8829, 6068, 8639, 9752, 3007, 4643, 581, 3645, 7408, 4265, 5380, 9727, 11371, 14191, 651, 2099, 3070, 8176, 10400, 12078, 12872, 14411, 8086, 9248, 10846, 17830, 19154, 19186, 19275, 10406, 19659, 19807, 20496, 10774, 12420, 13410, 16414, 19894, 21760, 21859, 21899, 22226, 23585, 25726, 26710, 26969, 29542, 34148]
6*[11002, 2997, 4677, 6101, 17521, 24716, 25135, 25583, 1474, 2676, 1847, 6069, 6517, 8829, 6068, 8639, 9752, 3007, 4643, 581, 3645, 7408, 4265, 5380, 9727, 11371, 14191, 651, 2099, 3070, 8176, 10400, 12078, 12872, 14411, 8086, 9248, 10846, 17830, 19154, 19186, 19275, 10406, 19659, 19807, 20496, 10774, 12420, 13410, 16414, 19894, 21760, 21859, 21899, 22226, 23585, 25726, 26710, 26969, 29542, 12969, 13041, 21198, 22961, 22515, 24144, 24904, 25785, 25796, 20319, 21144, 21008, 21786, 23066, 26618, 27802, 28842, 31149, 24248, 34241, 35529, 38273, 38305]
7*[11002, 6068, 8639, 12969, 1474, 2676, 1847, 6069, 6517, 8829, 13041, 2997, 4677, 6101, 17521, 20319, 21144, 21008, 21786, 9752, 3007, 4643, 581, 3645, 7408, 4265, 5380, 9727, 11371, 14191, 26186, 651, 2099, 3070, 8176, 10400, 12078, 12872, 14411, 24962, 26951]
8*[11002, 2997, 4677, 6101, 17521, 24716, 25135, 25583, 1474, 2676, 1847, 6069, 6517, 8829, 6068, 8639, 9752, 3007, 4643, 581, 3645, 7408, 4265, 5380, 9727, 11371, 14191, 651, 2099, 3070, 8176, 10400, 12078, 12872, 14411, 8086, 9248, 10846, 17830, 19154, 19186, 19275, 10406, 19659, 19807, 20496, 10774, 12420, 13410, 16414, 19894, 21760, 21859, 21899, 22226, 23585, 25726, 26710, 26969, 29623, 30461, 12969, 13041, 20319, 21144, 21008, 21786, 22120, 20115, 20277, 22324, 24260, 27212, 28638, 33131, 29542, 21198, 22961, 22515, 24144, 24904, 23066, 26827, 26844, 33391, 34621, 35488]
9*[11002, 2997, 4677, 6101, 17521, 24716, 25135, 25583, 1474, 2676, 1847, 6069, 6517, 8829, 6068, 8639, 9752, 3007, 4643, 581, 3645, 7408, 4265, 5380, 9727, 11371, 14191, 651, 2099, 3070, 8176, 10400, 12078, 12872, 14411, 8086, 9248, 10846, 17830, 19154, 19186, 19275, 10406, 19659, 19807, 20496, 10774, 12420, 13410, 16414, 19894, 21760, 21859, 21899, 22226, 23585, 25726, 26710, 26969, 29623, 30461, 12969, 13041, 21198, 22961, 22515, 24144, 24904, 25785, 25796, 20319, 21144, 21008, 21786, 23066, 26618, 27802, 28842, 26186, 24962, 26951, 32055, 33797, 29542, 28851, 27057, 30964, 32172, 22120, 20115, 20277, 22324, 24260, 27212, 28638, 32963, 34625, 36981, 37263]
10*[11002, 2997, 4677, 6101, 17521, 24716, 25135, 25583, 24366, 28661, 29174]
11*[2997, 4677, 6101, 10774, 6068, 8639, 12420, 13410, 11002, 12969, 1474, 2676, 1847, 6069, 6517, 8829, 13041, 21198, 651, 2099, 3070, 8176, 10400, 4265, 5380, 12078, 12872, 14411, 581, 3645, 8086, 9248, 10846, 17830, 9752, 3007, 4643, 7408, 9727, 11371, 14191, 19154, 19186, 19275, 10406, 19659, 19807, 20496, 16414, 19894, 21760, 21859, 22961, 22515, 24144, 24904, 17521, 20319, 21144, 21008, 21786, 23066, 26827, 26844]
12*[11002, 2997, 4677, 6101, 17521, 24716, 25135, 25583, 1474, 2676, 1847, 6069, 6517, 8829, 6068, 8639, 9752, 3007, 4643, 581, 3645, 7408, 4265, 5380, 9727, 11371, 14191, 651, 2099, 3070, 8176, 10400, 12078, 12872, 14411, 8086, 9248, 10846, 17830, 19154, 19186, 19275, 10406, 19659, 19807, 20496, 10774, 12420, 13410, 16414, 19894, 21760, 21859, 21899, 22226, 23585, 25726, 26710, 26969, 29542, 34148, 24366, 28661, 29174, 38098]
13*[11002, 2997, 4677, 6101, 17521, 24716, 25135, 25583, 1474, 2676, 1847, 6069, 6517, 8829, 6068, 8639, 9752, 3007, 4643, 581, 3645, 7408, 4265, 5380, 9727, 11371, 14191, 651, 2099, 3070, 8176, 10400, 12078, 12872, 14411, 8086, 9248, 10846, 17830, 19154, 19186, 19275, 10406, 19659, 19807, 20496, 10774, 12420, 13410, 16414, 19894, 21760, 21859, 21899, 22226, 23585, 25726, 26710, 26969, 29542, 34148, 29623, 30461, 12969, 13041, 21198, 22961, 22515, 24144, 24904, 25785, 25796, 20319, 21144, 21008, 21786, 23066, 26618, 27802, 28842, 31149, 33027, 33429, 36571]
14*[11002, 2997, 4677, 6101, 17521, 24716, 25135, 25583, 1474, 2676, 1847, 6069, 6517, 8829, 6068, 8639, 9752, 3007, 4643, 581, 3645, 7408, 4265, 5380, 9727, 11371, 14191, 651, 2099, 3070, 8176, 10400, 12078, 12872, 14411, 8086, 9248, 10846, 17830, 19154, 19186, 19275, 10406, 19659, 19807, 20496, 10774, 12420, 13410, 16414, 19894, 21760, 21859, 21899, 22226, 23585, 25726, 26710, 26969, 29542, 29623, 30461, 12969, 13041, 21198, 22961, 22515, 24144, 24904, 25785, 25796, 20319, 21144, 21008, 21786, 23066, 26618, 27802, 28842, 31149, 33027, 33429]
15*[11002, 2997, 4677, 6101, 17521, 24716, 25135, 25583, 1474, 2676, 1847, 6069, 6517, 8829, 6068, 8639, 9752, 3007, 4643, 581, 3645, 7408, 4265, 5380, 9727, 11371, 14191, 651, 2099, 3070, 8176, 10400, 12078, 12872, 14411, 8086, 9248, 10846, 17830, 19154, 19186, 19275, 10406, 19659, 19807, 20496, 10774, 12420, 13410, 16414, 19894, 21760, 21859, 21899, 22226, 23585, 25726, 26710, 26969, 29542, 12969, 13041, 21198, 22961, 22515, 24144, 24904, 25785, 25796, 20319, 21144, 21008, 21786, 23066, 26618, 27802, 28842, 31149, 24366, 28661, 29174, 38437]
16*[2997, 4677, 6101, 10774, 6068, 8639, 12420, 13410, 11002, 12969, 1474, 2676, 1847, 6069, 6517, 8829, 13041, 21198, 651, 2099, 3070, 8176, 10400, 4265, 5380, 12078, 12872, 14411, 581, 3645, 8086, 9248, 10846, 17830, 9752, 3007, 4643, 7408, 9727, 11371, 14191, 19154, 19186, 19275, 10406, 19659, 19807, 20496, 16414, 19894, 21760, 21859, 22961, 22515, 24144, 24904, 17521, 20319, 21144, 21008, 21786, 23066, 26827, 26844, 24716, 25135, 25583, 22226, 24248, 34241, 35529, 38700]
17*[11002, 2997, 4677, 6101, 17521, 24716, 25135, 25583, 1474, 2676, 1847, 6069, 6517, 8829, 6068, 8639, 9752, 3007, 4643, 581, 3645, 7408, 4265, 5380, 9727, 11371, 14191, 651, 2099, 3070, 8176, 10400, 12078, 12872, 14411, 8086, 9248, 10846, 17830, 19154, 19186, 19275, 10406, 19659, 19807, 20496, 10774, 12420, 13410, 16414, 19894, 21760, 21859, 21899, 22226, 23585, 25726, 26710, 26969, 29542, 34148, 24366, 28661, 29174, 38098, 29623, 30461, 12969, 13041, 21198, 22961, 22515, 24144, 24904, 25785, 25796, 20319, 21144, 21008, 21786, 23066, 26618, 27802, 28842, 31149, 33027, 33429, 39107]
18*[11002, 2997, 4677, 6101, 17521, 24716, 25135, 25583, 1474, 2676, 1847, 6069, 6517, 8829, 6068, 8639, 9752, 3007, 4643, 581, 3645, 7408, 4265, 5380, 9727, 11371, 14191, 651, 2099, 3070, 8176, 10400, 12078, 12872, 14411, 8086, 9248, 10846, 17830, 19154, 19186, 19275, 10406, 19659, 19807, 20496, 10774, 12420, 13410, 16414, 19894, 21760, 21859, 21899, 22226, 23585, 25726, 26710, 26969, 29542, 29623, 30461, 12969, 13041, 21198, 22961, 22515, 24144, 24904, 25785, 25796, 20319, 21144, 21008, 21786, 23066, 26618, 27802, 28842, 31149, 33027, 33429]
19*[6068, 8639, 2997, 4677, 6101, 10406, 10774, 12420, 13410, 16414, 11002, 22226, 24248]
20*[11002, 2997, 4677, 6101, 17521, 24716, 25135, 25583, 1474, 2676, 1847, 6069, 6517, 8829, 6068, 8639, 9752, 3007, 4643, 581, 3645, 7408, 4265, 5380, 9727, 11371, 14191, 651, 2099, 3070, 8176, 10400, 12078, 12872, 14411, 8086, 9248, 10846, 17830, 19154, 19186, 19275, 10406, 19659, 19807, 20496, 10774, 12420, 13410, 16414, 19894, 21760, 21859, 21899, 22226, 23585, 25726, 26710, 26969, 29542, 29623, 30461, 12969, 13041, 21198, 22961, 22515, 24144, 24904, 25785, 25796, 20319, 21144, 21008, 21786, 23066, 26618, 27802, 28842, 31149, 33027, 33429]
21*[11002, 2997, 4677, 6101, 17521, 24716, 25135, 25583, 1474, 2676, 1847, 6069, 6517, 8829, 6068, 8639, 9752, 3007, 4643, 581, 3645, 7408, 4265, 5380, 9727, 11371, 14191, 651, 2099, 3070, 8176, 10400, 12078, 12872, 14411, 8086, 9248, 10846, 17830, 19154, 19186, 19275, 10406, 19659, 19807, 20496, 10774, 12420, 13410, 16414, 19894, 21760, 21859, 21899, 22226, 23585, 25726, 26710, 26969, 29623, 30461, 12969, 13041, 21198, 22961, 22515, 24144, 24904, 25785, 25796, 20319, 21144, 21008, 21786, 23066, 26618, 27802, 28842, 26186, 24962, 26951, 32055, 33797, 29542, 28851, 27057, 30964, 32172, 22120, 20115, 20277, 22324, 24260, 27212, 28638, 32963, 34625, 36981, 37263]
22*[11002, 6068, 8639, 12969, 1474, 2676, 1847, 6069, 6517, 8829, 13041, 2997, 4677, 6101, 17521, 20319, 21144, 21008, 21786, 9752, 3007, 4643, 581, 3645, 7408, 4265, 5380, 9727, 11371, 14191, 26186, 651, 2099, 3070, 8176, 10400, 12078, 12872, 14411, 24962, 26951, 10406, 10774, 12420, 13410, 16414, 22226, 24248, 32287, 21198, 8086, 9248, 10846, 17830, 19154, 19186, 19275, 19659, 19807, 20496, 19894, 21760, 21859, 22961, 22515, 24144, 24904, 25785, 25796, 23066, 26618, 27802, 28107, 30090, 37893, 24716, 25135, 25583, 24366, 28661, 29174, 21899, 23585, 25726, 26710, 26969, 29542, 28851, 27057, 30964, 32172, 22120, 20115, 20277, 22324, 24260, 27212, 28638, 32963, 34148, 36578, 36897, 38201, 38766, 28863, 39825]
23*[1474, 2676, 1847, 6069, 6517, 8829, 6068, 8639, 9752, 3007, 4643, 581, 3645, 7408, 4265, 5380, 9727, 11371, 14191, 2997, 4677, 6101, 10406, 10774, 12420, 13410, 16414, 11002, 22226, 24248, 39318]
24*[11002, 2997, 4677, 6101, 17521, 24716, 25135, 25583, 1474, 2676, 1847, 6069, 6517, 8829, 6068, 8639, 9752, 3007, 4643, 581, 3645, 7408, 4265, 5380, 9727, 11371, 14191, 651, 2099, 3070, 8176, 10400, 12078, 12872, 14411, 8086, 9248, 10846, 17830, 19154, 19186, 19275, 10406, 19659, 19807, 20496, 10774, 12420, 13410, 16414, 19894, 21760, 21859, 21899, 22226, 23585, 25726, 26710, 26969, 29623, 30461, 12969, 13041, 21198, 22961, 22515, 24144, 24904, 25785, 25796, 20319, 21144, 21008, 21786, 23066, 26618, 27802, 28842, 26186, 24962, 26951, 32055, 33797]
25*[11002, 2997, 4677, 6101, 10774, 6068, 8639, 12420, 13410, 12969, 1474, 2676, 1847, 6069, 6517, 8829, 13041, 21198, 651, 2099, 3070, 8176, 10400, 4265, 5380, 12078, 12872, 14411, 581, 3645, 8086, 9248, 10846, 17830, 9752, 3007, 4643, 7408, 9727, 11371, 14191, 19154, 19186, 19275, 10406, 19659, 19807, 20496, 16414, 19894, 21760, 21859, 22961, 22515, 24144, 24904, 25785, 25796, 17521, 20319, 21144, 21008, 21786, 23066, 26618, 27802, 28107, 30090, 34614, 30695, 27057, 24366, 29032, 30807, 32241, 35161, 24716, 25135, 25583, 21899, 22226, 23585, 25726, 26710, 26969, 29623, 30461, 28842, 26186, 24962, 26951, 32055, 33797, 26827, 26844, 22120, 20115, 20277, 22324, 24260, 27212, 28638, 32402, 24248, 32287, 35682, 36907, 37956]
26*[11002, 2997, 4677, 6101, 10774, 6068, 8639, 12420, 13410, 12969, 1474, 2676, 1847, 6069, 6517, 8829, 13041, 21198, 651, 2099, 3070, 8176, 10400, 4265, 5380, 12078, 12872, 14411, 581, 3645, 8086, 9248, 10846, 17830, 9752, 3007, 4643, 7408, 9727, 11371, 14191, 19154, 19186, 19275, 10406, 19659, 19807, 20496, 16414, 19894, 21760, 21859, 22961, 22515, 24144, 24904, 25785, 25796, 17521, 20319, 21144, 21008, 21786, 23066, 26618, 27802, 28107, 30090, 34614, 30695, 27057, 24366, 29032, 30807, 32241, 35161, 24716, 25135, 25583, 21899, 22226, 23585, 25726, 26710, 26969, 29623, 30461, 28842, 26186, 24962, 26951, 32055, 33797, 26827, 26844, 22120, 20115, 20277, 22324, 24260, 27212, 28638, 32402, 24248, 32287, 35682, 36907, 37956]
27*[11002, 2997, 4677, 6101, 10774, 6068, 8639, 12420, 13410, 12969, 1474, 2676, 1847, 6069, 6517, 8829, 13041, 21198, 651, 2099, 3070, 8176, 10400, 4265, 5380, 12078, 12872, 14411, 581, 3645, 8086, 9248, 10846, 17830, 9752, 3007, 4643, 7408, 9727, 11371, 14191, 19154, 19186, 19275, 10406, 19659, 19807, 20496, 16414, 19894, 21760, 21859, 22961, 22515, 24144, 24904, 25785, 25796, 17521, 20319, 21144, 21008, 21786, 23066, 26618, 27802, 28107, 30090, 34614, 30695, 27057, 24366, 29032, 30807, 32241, 35161, 24716, 25135, 25583, 21899, 22226, 23585, 25726, 26710, 26969, 29623, 30461, 28842, 26186, 24962, 26951, 32055, 33797, 26827, 26844, 22120, 20115, 20277, 22324, 24260, 27212, 28638, 32402, 24248, 32287, 35682, 36907, 37956]
28*[11002, 2997, 4677, 6101, 10774, 6068, 8639, 12420, 13410, 12969, 1474, 2676, 1847, 6069, 6517, 8829, 13041, 21198, 651, 2099, 3070, 8176, 10400, 4265, 5380, 12078, 12872, 14411, 581, 3645, 8086, 9248, 10846, 17830, 9752, 3007, 4643, 7408, 9727, 11371, 14191, 19154, 19186, 19275, 10406, 19659, 19807, 20496, 16414, 19894, 21760, 21859, 22961, 22515, 24144, 24904, 25785, 25796, 17521, 20319, 21144, 21008, 21786, 23066, 26618, 27802, 28107, 30090, 34614, 30695, 27057, 24366, 29032, 30807, 32241, 35161]
29*[11002, 2997, 4677, 6101, 17521, 24716, 25135, 25583, 1474, 2676, 1847, 6069, 6517, 8829, 6068, 8639, 9752, 3007, 4643, 581, 3645, 7408, 4265, 5380, 9727, 11371, 14191, 651, 2099, 3070, 8176, 10400, 12078, 12872, 14411, 8086, 9248, 10846, 17830, 19154, 19186, 19275, 10406, 19659, 19807, 20496, 10774, 12420, 13410, 16414, 19894, 21760, 21859, 21899, 22226, 23585, 25726, 26710, 26969, 29542, 29623, 30461, 12969, 13041, 21198, 22961, 22515, 24144, 24904, 25785, 25796, 20319, 21144, 21008, 21786, 23066, 26618, 27802, 28842, 31149, 33027, 33429]
30*[1474, 2676, 1847, 6069, 6517, 8829, 6068, 8639, 9752, 3007, 4643, 581, 3645, 7408, 4265, 5380, 9727, 11371, 14191, 11002, 12969, 13041, 2997, 4677, 6101, 17521, 20319, 21144, 21008, 21786, 23066, 26618, 10774, 12420, 13410, 21198, 651, 2099, 3070, 8176, 10400, 12078, 12872, 14411, 8086, 9248, 10846, 17830, 19154, 19186, 19275, 10406, 19659, 19807, 20496, 16414, 19894, 21760, 21859, 22961, 22515, 24144, 24904, 25785, 25796, 27802, 30695, 27057, 24366, 29032, 30807, 32241]
31*[11002, 2997, 4677, 6101, 17521, 24716, 25135, 25583, 1474, 2676, 1847, 6069, 6517, 8829, 6068, 8639, 9752, 3007, 4643, 581, 3645, 7408, 4265, 5380, 9727, 11371, 14191, 651, 2099, 3070, 8176, 10400, 12078, 12872, 14411, 8086, 9248, 10846, 17830, 19154, 19186, 19275, 10406, 19659, 19807, 20496, 10774, 12420, 13410, 16414, 19894, 21760, 21859, 21899, 22226, 23585, 25726, 26710, 26969, 29623, 30461, 12969, 13041, 20319, 21144, 21008, 21786, 22120, 20115, 20277, 22324, 24260, 27212, 28638, 33131, 29542, 21198, 22961, 22515, 24144, 24904, 23066, 26827, 26844, 33391, 34621, 35488, 24248, 34241, 35529, 39964]
32*[11002, 2997, 4677, 6101, 17521, 24716, 25135, 25583, 1474, 2676, 1847, 6069, 6517, 8829, 6068, 8639, 9752, 3007, 4643, 581, 3645, 7408, 4265, 5380, 9727, 11371, 14191, 651, 2099, 3070, 8176, 10400, 12078, 12872, 14411, 8086, 9248, 10846, 17830, 19154, 19186, 19275, 10406, 19659, 19807, 20496, 10774, 12420, 13410, 16414, 19894, 21760, 21859, 21899, 22226, 23585, 25726, 26710, 26969, 29542, 34148]
33*[11002, 2997, 4677, 6101, 17521, 24716, 25135, 25583, 1474, 2676, 1847, 6069, 6517, 8829, 6068, 8639, 9752, 3007, 4643, 581, 3645, 7408, 4265, 5380, 9727, 11371, 14191, 651, 2099, 3070, 8176, 10400, 12078, 12872, 14411, 8086, 9248, 10846, 17830, 19154, 19186, 19275, 10406, 19659, 19807, 20496, 10774, 12420, 13410, 16414, 19894, 21760, 21859, 21899, 22226, 23585, 25726, 26710, 26969, 29542, 12969, 13041, 21198, 22961, 22515, 24144, 24904, 25785, 25796, 20319, 21144, 21008, 21786, 23066, 26618, 27802, 28842, 31149, 24248, 34241, 35529, 38273, 38305]
34*[2997, 4677, 6101, 10774, 6068, 8639, 12420, 13410, 11002, 12969, 1474, 2676, 1847, 6069, 6517, 8829, 13041, 21198, 651, 2099, 3070, 8176, 10400, 4265, 5380, 12078, 12872, 14411, 581, 3645, 8086, 9248, 10846, 17830, 9752, 3007, 4643, 7408, 9727, 11371, 14191, 19154, 19186, 19275, 10406, 19659, 19807, 20496, 16414, 19894, 21760, 21859, 22961, 22515, 24144, 24904, 17521, 20319, 21144, 21008, 21786, 23066, 26827, 26844]
35*[11002, 2997, 4677, 6101, 17521, 24716, 25135, 25583, 1474, 2676, 1847, 6069, 6517, 8829, 6068, 8639, 9752, 3007, 4643, 581, 3645, 7408, 4265, 5380, 9727, 11371, 14191, 651, 2099, 3070, 8176, 10400, 12078, 12872, 14411, 8086, 9248, 10846, 17830, 19154, 19186, 19275, 10406, 19659, 19807, 20496, 10774, 12420, 13410, 16414, 19894, 21760, 21859, 21899, 22226, 23585, 25726, 26710, 26969, 29542, 12969, 13041, 21198, 22961, 22515, 24144, 24904, 25785, 25796, 20319, 21144, 21008, 21786, 23066, 26618, 27802, 28842, 31149, 24248, 34241, 35529, 38273, 38305]
36*[11002, 2997, 4677, 6101, 17521, 24716, 25135, 25583, 1474, 2676, 1847, 6069, 6517, 8829, 6068, 8639, 9752, 3007, 4643, 581, 3645, 7408, 4265, 5380, 9727, 11371, 14191, 651, 2099, 3070, 8176, 10400, 12078, 12872, 14411, 8086, 9248, 10846, 17830, 19154, 19186, 19275, 10406, 19659, 19807, 20496, 10774, 12420, 13410, 16414, 19894, 21760, 21859, 21899, 22226, 23585, 25726, 26710, 26969, 29542, 34148]
37*[11002, 2997, 4677, 6101, 10774, 6068, 8639, 12420, 13410, 12969, 1474, 2676, 1847, 6069, 6517, 8829, 13041, 21198, 651, 2099, 3070, 8176, 10400, 4265, 5380, 12078, 12872, 14411, 581, 3645, 8086, 9248, 10846, 17830, 9752, 3007, 4643, 7408, 9727, 11371, 14191, 19154, 19186, 19275, 10406, 19659, 19807, 20496, 16414, 19894, 21760, 21859, 22961, 22515, 24144, 24904, 25785, 25796, 17521, 20319, 21144, 21008, 21786, 23066, 26618, 27802, 28107, 30090, 34614, 30695, 27057, 24366, 29032, 30807, 32241, 35161, 24716, 25135, 25583, 21899, 22226, 23585, 25726, 26710, 26969, 29623, 30461, 28842, 26186, 24962, 26951, 32055, 33797, 26827, 26844, 22120, 20115, 20277, 22324, 24260, 27212, 28638, 32402, 24248, 32287, 35682, 36907, 37956, 34241, 35529, 38700, 39399]
38*[11002, 2997, 4677, 6101, 17521, 24716, 25135, 25583, 24366, 28661, 29174, 6068, 8639, 12969, 1474, 2676, 1847, 6069, 6517, 8829, 13041, 20319, 21144, 21008, 21786, 9752, 3007, 4643, 581, 3645, 7408, 4265, 5380, 9727, 11371, 14191, 26186, 651, 2099, 3070, 8176, 10400, 12078, 12872, 14411, 24962, 26951, 10406, 10774, 12420, 13410, 16414, 22226, 24248, 32287, 21198, 8086, 9248, 10846, 17830, 19154, 19186, 19275, 19659, 19807, 20496, 19894, 21760, 21859, 22961, 22515, 24144, 24904, 25785, 25796, 23066, 26618, 27802, 28107, 30090, 37893, 39005]
39*[11002, 2997, 4677, 6101, 17521, 24716, 25135, 25583, 24366, 28661, 29174, 39551]
40*[11002, 2997, 4677, 6101, 17521, 24716, 25135, 25583, 24366, 28661, 29174, 1474, 2676, 1847, 6069, 6517, 8829, 6068, 8639, 9752, 3007, 4643, 581, 3645, 7408, 4265, 5380, 9727, 11371, 14191, 651, 2099, 3070, 8176, 10400, 12078, 12872, 14411, 8086, 9248, 10846, 17830, 19154, 19186, 19275, 10406, 19659, 19807, 20496, 10774, 12420, 13410, 16414, 19894, 21760, 21859, 21899, 22226, 23585, 25726, 26710, 26969, 29542, 29623, 30461, 12969, 13041, 21198, 22961, 22515, 24144, 24904, 25785, 25796, 20319, 21144, 21008, 21786, 23066, 26618, 27802, 28842, 31149, 33027, 33429, 37472, 37813, 26827, 26844, 39538]
41*[11002, 2997, 4677, 6101, 17521, 24716, 25135, 25583, 1474, 2676, 1847, 6069, 6517, 8829, 6068, 8639, 9752, 3007, 4643, 581, 3645, 7408, 4265, 5380, 9727, 11371, 14191, 651, 2099, 3070, 8176, 10400, 12078, 12872, 14411, 8086, 9248, 10846, 17830, 19154, 19186, 19275, 10406, 19659, 19807, 20496, 10774, 12420, 13410, 16414, 19894, 21760, 21859, 21899, 22226, 23585, 25726, 26710, 26969, 29623, 30461, 12969, 13041, 21198, 22961, 22515, 24144, 24904, 25785, 25796, 20319, 21144, 21008, 21786, 23066, 26618, 27802, 28842, 26186, 24962, 26951, 32055, 33797]
42*[11002, 2997, 4677, 6101, 17521, 24716, 25135, 25583, 1474, 2676, 1847, 6069, 6517, 8829, 6068, 8639, 9752, 3007, 4643, 581, 3645, 7408, 4265, 5380, 9727, 11371, 14191, 651, 2099, 3070, 8176, 10400, 12078, 12872, 14411, 8086, 9248, 10846, 17830, 19154, 19186, 19275, 10406, 19659, 19807, 20496, 10774, 12420, 13410, 16414, 19894, 21760, 21859, 21899, 22226, 23585, 25726, 26710, 26969, 29542, 12969, 13041, 21198, 22961, 22515, 24144, 24904, 25785, 25796, 20319, 21144, 21008, 21786, 23066, 26618, 27802, 28842, 31149, 24248, 34241, 35529, 38273, 38305]
43*[11002, 2997, 4677, 6101, 17521, 24716, 25135, 25583, 1474, 2676, 1847, 6069, 6517, 8829, 6068, 8639, 9752, 3007, 4643, 581, 3645, 7408, 4265, 5380, 9727, 11371, 14191, 651, 2099, 3070, 8176, 10400, 12078, 12872, 14411, 8086, 9248, 10846, 17830, 19154, 19186, 19275, 10406, 19659, 19807, 20496, 10774, 12420, 13410, 16414, 19894, 21760, 21859, 21899, 22226, 23585, 25726, 26710, 26969, 29542, 34148, 24366, 28661, 29174, 38098, 29623, 30461, 12969, 13041, 21198, 22961, 22515, 24144, 24904, 25785, 25796, 20319, 21144, 21008, 21786, 23066, 26618, 27802, 28842, 31149, 33027, 33429, 39107]
44*[11002, 2997, 4677, 6101, 17521, 24716, 25135, 25583, 1474, 2676, 1847, 6069, 6517, 8829, 6068, 8639, 9752, 3007, 4643, 581, 3645, 7408, 4265, 5380, 9727, 11371, 14191, 651, 2099, 3070, 8176, 10400, 12078, 12872, 14411, 8086, 9248, 10846, 17830, 19154, 19186, 19275, 10406, 19659, 19807, 20496, 10774, 12420, 13410, 16414, 19894, 21760, 21859, 21899, 22226, 23585, 25726, 26710, 26969, 29542, 29623, 30461, 12969, 13041, 21198, 22961, 22515, 24144, 24904, 25785, 25796, 20319, 21144, 21008, 21786, 23066, 26618, 27802, 28842, 31149, 33027, 33429]
45*[11002, 2997, 4677, 6101, 17521, 24716, 25135, 25583, 1474, 2676, 1847, 6069, 6517, 8829, 6068, 8639, 9752, 3007, 4643, 581, 3645, 7408, 4265, 5380, 9727, 11371, 14191, 651, 2099, 3070, 8176, 10400, 12078, 12872, 14411, 8086, 9248, 10846, 17830, 19154, 19186, 19275, 10406, 19659, 19807, 20496, 10774, 12420, 13410, 16414, 19894, 21760, 21859, 21899, 22226, 23585, 25726, 26710, 26969, 29542, 29623, 30461, 12969, 13041, 21198, 22961, 22515, 24144, 24904, 25785, 25796, 20319, 21144, 21008, 21786, 23066, 26618, 27802, 28842, 31149, 33027, 33429]
46*[11002, 2997, 4677, 6101, 17521, 24716, 25135, 25583, 1474, 2676, 1847, 6069, 6517, 8829, 6068, 8639, 9752, 3007, 4643, 581, 3645, 7408, 4265, 5380, 9727, 11371, 14191, 651, 2099, 3070, 8176, 10400, 12078, 12872, 14411, 8086, 9248, 10846, 17830, 19154, 19186, 19275, 10406, 19659, 19807, 20496, 10774, 12420, 13410, 16414, 19894, 21760, 21859, 21899, 22226, 23585, 25726, 26710, 26969, 29542, 12969, 13041, 21198, 22961, 22515, 24144, 24904, 25785, 25796, 20319, 21144, 21008, 21786, 23066, 26618, 27802, 28842, 31149, 24248, 34241, 35529, 38273, 38305, 24366, 28661, 29174, 29623, 30461, 33027, 33429, 37472, 37813, 39610]
47*[11002, 2997, 4677, 6101, 17521, 24716, 25135, 25583, 24366, 28661, 29174]
48*[1474, 2676, 1847, 6069, 6517, 8829, 6068, 8639, 9752, 3007, 4643, 581, 3645, 7408, 4265, 5380, 9727, 11371, 14191]
49*[11002, 2997, 4677, 6101, 17521, 24716, 25135, 25583, 1474, 2676, 1847, 6069, 6517, 8829, 6068, 8639, 9752, 3007, 4643, 581, 3645, 7408, 4265, 5380, 9727, 11371, 14191, 651, 2099, 3070, 8176, 10400, 12078, 12872, 14411, 8086, 9248, 10846, 17830, 19154, 19186, 19275, 10406, 19659, 19807, 20496, 10774, 12420, 13410, 16414, 19894, 21760, 21859, 21899, 22226, 23585, 25726, 26710, 26969, 29542, 34148, 24366, 28661, 29174, 38098, 29623, 30461, 12969, 13041, 21198, 22961, 22515, 24144, 24904, 25785, 25796, 20319, 21144, 21008, 21786, 23066, 26618, 27802, 28842, 31149, 33027, 33429, 39107, 24248, 34241, 35529, 38273, 38305, 39493, 39852]
50*[11002, 2997, 4677, 6101, 10774, 6068, 8639, 12420, 13410, 12969, 1474, 2676, 1847, 6069, 6517, 8829, 13041, 21198, 651, 2099, 3070, 8176, 10400, 4265, 5380, 12078, 12872, 14411, 581, 3645, 8086, 9248, 10846, 17830, 9752, 3007, 4643, 7408, 9727, 11371, 14191, 19154, 19186, 19275, 10406, 19659, 19807, 20496, 16414, 19894, 21760, 21859, 22961, 22515, 24144, 24904, 25785, 25796, 17521, 20319, 21144, 21008, 21786, 23066, 26618, 27802, 28107, 30090, 34614, 30695, 27057, 24366, 29032, 30807, 32241, 35161]
